%YAML:1.0
---
wheel_topic: "/kobuki_node/wheel_odo"
image_topic: "/mynteye/left/image_color"
camera_name: camera
model_type: PINHOLE
image_width: 640
image_height: 480
distortion_parameters:
   k1: -0.3755678546223529
   k2: 0.136608444452632
   p1: -0.00014456828771
   p2: -0.00123055515805
projection_parameters:
   fx: 390.17566777930244
   fy: 390.21149542275026
   cx: 345.8250538956374
   cy: 226.45366419182756

